1 0.17789583333333334 0.08562499999999999 0.139625 0.16315625
1 0.5734583333333333 0.09296875 0.18562499999999998 0.17784375
1 0.6611875 0.2648125 0.09641666666666666 0.21640625
1 0.8420416666666667 0.3863125 0.31593750000000004 0.11746875000000001
1 0.6803125 0.57228125 0.060125 0.41590625000000003
1 0.20375 0.230625 0.07614583333333333 0.17009375
1 0.2014375 0.4383125 0.09845833333333333 0.26928125
1 0.2194375 0.6644062500000001 0.08791666666666667 0.22878125
1 0.166625 0.87575 0.0680625 0.24709374999999997
1 0.2891666666666667 0.69840625 0.026875 0.11665624999999999
1 0.3155208333333333 0.650625 0.04475 0.09653125
1 0.35852083333333334 0.5875625 0.05479166666666667 0.0678125