0 0.2891875 0.96428125 0.19345833333333334 0.0714375
0 0.8635833333333333 0.061 0.10020833333333333 0.12203125
0 0.7757916666666667 0.15996875 0.13293750000000001 0.141375
0 0.7475208333333333 0.28646875 0.13393750000000001 0.11159375
0 0.7118125000000001 0.39656250000000004 0.078375 0.12053125
0 0.65625 0.4918125 0.0863125 0.1324375
0 0.5882916666666667 0.564 0.041666666666666664 0.10715625
0 0.5441458333333333 0.58034375 0.03472916666666667 0.1190625
0 0.49306249999999996 0.609375 0.0555625 0.108625
0 0.45733333333333337 0.7083437499999999 0.0535625 0.10415624999999999
0 0.41616666666666663 0.78125 0.09027083333333333 0.0714375
0 0.3953333333333333 0.83853125 0.110125 0.0996875
0 0.3229166666666667 0.9129375 0.171625 0.061