2 0.29192719486081375 0.6627878787878787 0.2897858672376874 0.135010101010101
2 0.472526766595289 0.8791313131313132 0.35402569593147754 0.24175757575757575
2 0.4610920770877945 0.5079191919191919 0.15989293361884369 0.1
2 0.26837259100642397 0.45672727272727276 0.1570235546038544 0.07575757575757576
2 0.24910064239828694 0.3597575757575758 0.2640899357601713 0.11616161616161616
2 0.6374089935760172 0.37256565656565654 0.08993576017130621 0.060949494949494955
2 0.7665952890792291 0.2446060606060606 0.17987152034261242 0.09327272727272727
2 0.540321199143469 0.20555555555555555 0.11563169164882227 0.13636363636363635
2 0.6559528907922911 0.10589898989898991 0.08708779443254819 0.03670707070707071
2 0.7137687366167024 0.1745858585858586 0.142762312633833 0.05286868686868687
2 0.3690149892933619 0.20892929292929294 0.14132762312633834 0.1