2 0.5448214285714286 0.3446843853820598 0.11149553571428572 0.05933554817275747
2 0.6364732142857142 0.43644518272425253 0.12475446428571428 0.05305647840531562
0 0.808950892857143 0.7413621262458472 0.3820982142857143 0.5172757475083056
2 0.179375 0.28823920265780734 0.13470982142857144 0.0540531561461794
2 0.3256696428571429 0.40348837209302324 0.16426339285714286 0.08521594684385382
2 0.8606026785714286 0.13036544850498338 0.20758928571428573 0.26073089700996677
2 0.7026785714285715 0.21352159468438536 0.13598214285714286 0.0881063122923588
2 0.4160714285714286 0.13674418604651162 0.15450892857142856 0.08966777408637873
2 0.27303571428571427 0.2148172757475083 0.12169642857142858 0.043289036544850494
2 0.030357142857142857 0.39169435215946846 0.060714285714285714 0.0553156146179402
2 0.05747767857142857 0.5562790697674419 0.07236607142857143 0.055415282392026574