2 0.21436842105263157 0.6972756410256411 0.17873684210526317 0.10717948717948718
2 0.38431578947368417 0.7547115384615385 0.11294736842105263 0.14990384615384617
2 0.46710526315789475 0.8935897435897436 0.08113157894736842 0.10182692307692308
2 0.21821052631578947 0.9390064102564103 0.11623684210526317 0.09115384615384615
2 0.6304736842105263 0.6498717948717948 0.13597368421052633 0.0871474358974359
2 0.8212631578947368 0.6024679487179487 0.08113157894736842 0.09647435897435898
2 0.5882631578947368 0.4542307692307692 0.1041578947368421 0.06442307692307693
2 0.44626315789473686 0.44221153846153843 0.10526315789473684 0.08314102564102564
2 0.6217105263157895 0.3186858974358975 0.06139473684210526 0.04439102564102564
2 0.6902368421052633 0.40413461538461537 0.091 0.060416666666666674
2 0.7642631578947369 0.293974358974359 0.06578947368421052 0.04573717948717949
2 0.9166578947368421 0.9026602564102564 0.125 0.19471153846153846
2 0.5674210526315789 0.25724358974358974 0.07784210526315789 0.03907051282051282
2 0.6606315789473683 0.2585897435897436 0.040578947368421055 0.04439102564102564
2 0.6167631578947369 0.5316987179487179 0.08663157894736842 0.059102564102564106