2 0.4372333333333333 0.8802444444444445 0.38694999999999996 0.22715555555555556
2 0.5647500000000001 0.48373333333333335 0.09616666666666668 0.07857777777777777
2 0.6573 0.5958666666666667 0.15625 0.18617777777777778
2 0.8081166666666667 0.5297777777777778 0.07873333333333334 0.0762
2 0.1661 0.6492222222222221 0.17386666666666664 0.17066666666666666
2 0.0391 0.7650666666666666 0.07821666666666667 0.17457777777777778
2 0.6392166666666667 0.4149111111111111 0.14928333333333332 0.07984444444444444
2 0.7569833333333333 0.367 0.20981666666666668 0.09813333333333332
2 0.8342333333333334 0.2673333333333333 0.07265 0.11242222222222223
2 0.17306666666666667 0.43846666666666667 0.31694999999999995 0.14915555555555557
2 0.2227833333333333 0.30013333333333336 0.14971666666666666 0.1002888888888889
2 0.35745 0.3400222222222222 0.14406666666666668 0.09115555555555556
2 0.31920000000000004 0.25982222222222223 0.12173333333333335 0.06408888888888889
2 0.4820666666666667 0.25597777777777775 0.19746666666666668 0.09531111111111111
2 0.6926833333333333 0.13035555555555556 0.03635 0.033044444444444446
2 0.6488833333333333 0.1713777777777778 0.11026666666666667 0.065
2 0.7470166666666667 0.17904444444444442 0.08153333333333333 0.052533333333333335
2 0.9769166666666667 0.19866666666666669 0.046150000000000004 0.024644444444444445
2 0.5228 0.16264444444444445 0.03933333333333334 0.021822222222222222
2 0.4807 0.1782 0.03401666666666667 0.015666666666666666
2 0.7536166666666667 0.14566666666666667 0.04658333333333333 0.01753333333333333
2 0.7600666666666667 0.10362222222222223 0.02485 0.0134
2 0.8228833333333334 0.09546666666666667 0.028183333333333335 0.01711111111111111
2 0.80875 0.11088888888888888 0.036833333333333336 0.015666666666666666
2 0.79835 0.12319999999999999 0.04145 0.01873333333333333
2 0.8777999999999999 0.11448888888888889 0.06531666666666666 0.027466666666666667
2 0.9018333333333334 0.14395555555555556 0.03493333333333334 0.0218