2 0.7266487935656837 0.7996500000000001 0.3501206434316354 0.1419
2 0.8145174262734585 0.9338 0.3709651474530831 0.1324
2 0.48540214477211796 0.599725 0.39785522788203753 0.153125
2 0.8209651474530831 0.551575 0.24683646112600535 0.1902
2 0.6665951742627345 0.335 0.16449061662198391 0.07925
2 0.5449865951742627 0.26232500000000003 0.16552278820375335 0.13945
2 0.5114745308310992 0.14755000000000001 0.14915549597855227 0.076575
2 0.4861662198391421 0.07025 0.06875335120643432 0.08310000000000001
2 0.22258713136729225 0.36182499999999995 0.1135254691689008 0.09960000000000001
2 0.22282841823056299 0.2813 0.09316353887399464 0.06075
2 0.2761662198391421 0.81435 0.4768632707774799 0.3713
0 0.5789812332439679 0.46505 0.1590616621983914 0.078225
1 0.08359249329758713 0.405325 0.1393833780160858 0.0977
1 0.09501340482573727 0.2614 0.1622117962466488 0.1265
1 0.28214477211796246 0.127625 0.14328418230563003 0.18675