2 0.5035263157894737 0.7618068535825545 0.04994736842105263 0.0473208722741433
2 0.5824561403508772 0.8107165109034268 0.07329824561403508 0.06725856697819314
2 0.7668771929824562 0.817196261682243 0.12926315789473686 0.06467289719626168
2 0.10447368421052632 0.9651401869158879 0.12317543859649122 0.06975077881619939
2 0.10763157894736843 0.8345171339563863 0.08564912280701754 0.05775700934579439
2 0.21898245614035086 0.8860124610591901 0.04808771929824562 0.04133956386292835
2 0.19850877192982458 0.8046417445482866 0.07149122807017544 0.055140186915887845
2 0.5064385964912281 0.6527414330218069 0.09671929824561404 0.03688473520249221
2 0.6538245614035088 0.6852024922118379 0.17803508771929824 0.055077881619937694
2 0.8652982456140351 0.9560436137071651 0.13314035087719298 0.08791277258566978
2 0.31787719298245615 0.6964485981308411 0.09385964912280702 0.04641744548286605
2 0.4004736842105263 0.7090031152647975 0.05728070175438596 0.06632398753894081