2 0.3189381563593932 0.3294396887159533 0.14780630105017503 0.03631906614785992
2 0.7779113185530921 0.3767859922178988 0.2100350058343057 0.047992217898832686
2 0.720536756126021 0.30544747081712065 0.21198366394399065 0.05058365758754864
2 0.3063010501750292 0.18612451361867705 0.1691948658109685 0.019455252918287938
2 0.5396732788798133 0.18093385214007782 0.13418903150525088 0.02464591439688716
2 0.6991481913652275 0.195852140077821 0.15364060676779462 0.028536964980544748
2 0.4054842473745624 0.1485058365758755 0.06029171528588098 0.016863813229571985
2 0.46869311551925324 0.13813229571984437 0.05056009334889148 0.014264591439688714
2 0.44632438739789965 0.115431906614786 0.06029171528588098 0.033719844357976654
1 0.36950991831971997 0.4014241245136187 0.0855659276546091 0.10505836575875487
1 0.6485764294049009 0.41893385214007783 0.09918319719953325 0.03631906614785992
2 0.5960676779463243 0.6848249027237354 0.6981680280046675 0.360568093385214
2 0.31700116686114355 0.8858599221789882 0.3422753792298716 0.22827237354085603