2 0.3999220779220779 0.6624480369515011 0.15966233766233767 0.12939953810623556
2 0.6963376623376623 0.8580600461893765 0.1718831168831169 0.20004618937644342
2 0.6787662337662337 0.6624480369515011 0.19480519480519481 0.11852193995381062
2 0.49503896103896106 0.5748267898383372 0.09625974025974027 0.07912240184757505
2 0.3692207792207792 0.43939953810623555 0.056896103896103896 0.05290993071593533
2 0.5270259740259741 0.3033487297921478 0.05144155844155844 0.03316397228637413
2 0.6719870129870129 0.3153810623556582 0.10655844155844156 0.03990762124711317
2 0.6424805194805194 0.3888452655889146 0.09742857142857142 0.06999999999999999
2 0.7317012987012986 0.4376443418013857 0.04228571428571429 0.03780600461893765
2 0.6685714285714285 0.46722863741339493 0.027948051948051948 0.01905311778290993
2 0.6182467532467533 0.5337644341801385 0.04531168831168831 0.04182448036951501
2 0.4096103896103896 0.27558891454965356 0.04290909090909091 0.025219399538106237
2 0.5775844155844156 0.2469745958429561 0.08444155844155844 0.04586605080831409
2 0.06158441558441559 0.4591916859122402 0.12316883116883118 0.07884526558891455