2 0.24188562596599691 0.7642424242424243 0.48378670788253475 0.47154269972451784
2 0.2638794435857805 0.48768595041322316 0.2052241112828439 0.12911845730027546
2 0.48009273570324573 0.4331955922865014 0.13649149922720247 0.08820936639118458
2 0.617032457496136 0.4641873278236915 0.11013910355486864 0.15019283746556475
2 0.80258114374034 0.5809090909090909 0.24666151468315303 0.20212121212121215
2 0.9559969088098917 0.5741322314049586 0.08799072642967543 0.14647382920110194
2 0.7137248840803709 0.35628099173553723 0.052565687789799066 0.03162534435261708
2 0.7897372488408037 0.41060606060606064 0.05732612055641422 0.05272727272727273
2 0.5723802163833075 0.32523415977961434 0.08629057187017002 0.10239669421487604
2 0.40129829984544046 0.34261707988980716 0.055038639876352394 0.030165289256198345
2 0.17460587326120555 0.38352617079889806 0.3492272024729521 0.3
2 0.8549149922720247 0.7919834710743802 0.22766615146831531 0.2872451790633609