2 0.4408418367346939 0.7848526077097506 0.3398852040816327 0.36480725623582766
2 0.826186224489796 0.8003174603174603 0.3476147959183673 0.39936507936507937
2 0.7563775510204082 0.41201814058956915 0.14103316326530613 0.11408163265306123
2 0.9332270408163265 0.44537414965986394 0.13354591836734694 0.30707482993197277
2 0.5666454081632653 0.48417233560090706 0.08623724489795918 0.07800453514739229
2 0.46619897959183676 0.4913832199546485 0.08420918367346938 0.0707936507936508
2 0.4966454081632653 0.39938775510204083 0.0821811224489796 0.06358276643990929
2 0.662015306122449 0.3001814058956916 0.2424872448979592 0.14294784580498865
2 0.2521301020408163 0.4201360544217687 0.0760969387755102 0.07621315192743765
2 0.15066326530612245 0.46251700680272106 0.08623724489795918 0.08160997732426305
2 0.08826530612244898 0.6519047619047619 0.17654336734693876 0.21149659863945577
2 0.039056122448979595 0.36151927437641723 0.078125 0.07800453514739229
2 0.045153061224489796 0.430952380952381 0.09029336734693878 0.07621315192743765
2 0.3703316326530612 0.39487528344671197 0.06088010204081632 0.0726077097505669
2 0.49005102040816323 0.3353514739229025 0.05885204081632653 0.04013605442176871
2 0.4413520408163265 0.2947619047619048 0.08522959183673469 0.06718820861678004
2 0.5301275510204082 0.21630385487528345 0.12885204081632654 0.07621315192743765
2 0.6691198979591837 0.1405442176870748 0.18567602040816325 0.0870294784580499
2 0.8684948979591837 0.23435374149659863 0.1501530612244898 0.13392290249433106
2 0.8177551020408164 0.3443764172335601 0.06899234693877551 0.09424036281179139
2 0.2587244897959184 0.6176417233560091 0.11363520408163266 0.10326530612244898
2 0.09841836734693878 0.9462358276643992 0.09131377551020409 0.10750566893424035