2 0.5088837567359507 0.8069337979094077 0.11572748267898385 0.16336817653890826
2 0.6675057736720554 0.9065969802555169 0.10744418783679753 0.18680603948896632
2 0.7689222478829869 0.8449825783972125 0.06802155504234027 0.09570267131242742
2 0.6712933025404157 0.7044018583042974 0.10182448036951502 0.09102206736353079
2 0.7768668206312548 0.7517653890824623 0.07413394919168591 0.08635307781649244
2 0.8245342571208621 0.6732288037166085 0.08278675904541956 0.0884204413472706
2 0.9449653579676675 0.8838327526132405 0.10589684372594303 0.15123112659698026
2 0.3173903002309469 0.9254123112659698 0.06266358737490378 0.09169570267131243
2 0.35734411085450346 0.774541231126597 0.06418013856812933 0.0640301974448316
2 0.3424326404926867 0.6538443670150987 0.08520400307929177 0.07644599303135888
2 0.27534257120862204 0.6250058072009291 0.056620477290223244 0.055017421602787456
2 0.2214549653579677 0.6157723577235772 0.06875288683602772 0.056364692218350755
2 0.10848344880677444 0.6061788617886178 0.09329484218629715 0.07555168408826946
2 0.07346420323325635 0.7142624854819977 0.07327174749807545 0.07425087108013938
2 0.40231716705157816 0.5614634146341464 0.043364126250962275 0.04219512195121951
2 0.48308698999230176 0.5347386759581881 0.06342571208622017 0.04372822299651568
2 0.508144726712856 0.6045180023228803 0.07026943802925327 0.07222996515679442
2 0.5650269438029254 0.5509639953542392 0.03762894534257121 0.04372822299651568
2 0.6041416474210931 0.6325667828106852 0.06209391839876828 0.0635075493612079
2 0.667559661277906 0.5756794425087108 0.08820631254811394 0.059233449477351915
2 0.7024480369515012 0.5197096399535425 0.06021555042340262 0.050174216027874564
2 0.7729638183217861 0.5978977932636469 0.049045419553502695 0.04430894308943089
2 0.8215396458814473 0.5003368176538908 0.04380292532717475 0.035040650406504066
2 0.9066512702078522 0.563507549361208 0.049553502694380296 0.03636469221835075
2 0.20966897613548885 0.5116957026713124 0.0855735180908391 0.05037166085946573
2 0.32554272517321015 0.5245876887340302 0.04127020785219399 0.03183507549361208
2 0.37819091608929944 0.5090940766550522 0.029707467282525022 0.019593495934959352
2 0.36445727482678986 0.5424854819976771 0.04220169361046959 0.03462253193960511
2 0.358568129330254 0.46937282229965155 0.02477290223248653 0.025365853658536584
2 0.3242417244033872 0.46074332171893145 0.03484988452655889 0.023449477351916378
2 0.2833410315627406 0.4311382113821138 0.040985373364126255 0.029012775842044137
2 0.25525789068514243 0.4172473867595819 0.03956889915319477 0.02336817653890825
2 0.21206312548113937 0.4586759581881533 0.028752886836027714 0.024994192799070846
2 0.44445727482678987 0.4237979094076655 0.03719784449576597 0.026248548199767713
2 0.4913086989992302 0.4336004645760743 0.03494996150885296 0.025725900116144017
2 0.5600461893764435 0.44180023228803716 0.03524249422632795 0.022961672473867597
2 0.592509622786759 0.45361207897793265 0.018876058506543496 0.01977932636469222
2 0.6346420323325634 0.4711382113821138 0.029468822170900695 0.022229965156794426
2 0.6687913779830639 0.4726829268292683 0.02665127020785219 0.015737514518002323
2 0.6527790608160123 0.4451567944250871 0.053040800615858356 0.03159117305458769
2 0.6444880677444188 0.4289082462253194 0.04026943802925327 0.01635307781649245
2 0.6234565050038491 0.40867595818815333 0.03490377213240955 0.02103368176538908
2 0.5944110854503464 0.40090592334494773 0.03538876058506543 0.017828106852497097
2 0.558144726712856 0.38296167247386764 0.028891454965357968 0.014518002322880372
2 0.5321709006928406 0.3839721254355401 0.017598152424942264 0.010789779326364692
2 0.5920862201693611 0.3694889663182346 0.02424172440338722 0.014192799070847853
2 0.4957967667436489 0.47103368176538907 0.04518090839107005 0.025853658536585368
2 0.556451116243264 0.4747038327526133 0.03566589684372594 0.02362369337979094
2 0.4918783679753657 0.4940301974448316 0.02817551963048499 0.022462253193960512
2 0.4082832948421863 0.4387572590011614 0.02258660508083141 0.018815331010452963
2 0.3727559661277906 0.4429152148664344 0.021377983063895305 0.01562137049941928
2 0.3530331023864511 0.4280603948896632 0.021308698999230175 0.014657375145180023
2 0.3828791377983064 0.4211962833914053 0.02257890685142417 0.01816492450638792
2 0.25017705927636646 0.8450871080139373 0.11408775981524248 0.1435075493612079
2 0.7906928406466512 0.9746806039488967 0.08714395688991532 0.05063879210220674
2 0.5009160892994612 0.39902439024390246 0.026428021555042338 0.028501742160278745
2 0.491986143187067 0.37687572590011614 0.01849114703618168 0.007677119628339141
2 0.49061585835257887 0.3674448315911731 0.02063125481139338 0.008455284552845528
2 0.5244110854503464 0.3657026713124274 0.021701308698999233 0.011300813008130082
2 0.552409545804465 0.3548315911730546 0.029792147806004622 0.010592334494773517
2 0.5220015396458815 0.34743321718931475 0.016497305619707466 0.007700348432055749
2 0.4972286374133949 0.35156794425087107 0.02195535026943803 0.007851335656213704
2 0.4957967667436489 0.3430429732868757 0.022678983833718247 0.009802555168408826
2 0.5194380292532718 0.33505226480836237 0.019653579676674367 0.00894308943089431
2 0.5389299461123942 0.3402206736353078 0.018098537336412625 0.00735191637630662
2 0.4576520400307929 0.3772357723577236 0.023433410315627408 0.012590011614401857
2 0.45461893764434175 0.3900348432055749 0.022748267898383374 0.01364692218350755
2 0.42434949961508855 0.40269454123112663 0.02258660508083141 0.01159117305458769
2 0.4035873749037721 0.38362369337979096 0.019930715935334874 0.008304297328687572
2 0.3591070053887606 0.38699186991869916 0.02361046959199384 0.012555168408826946
2 0.3001077752117013 0.4070034843205575 0.04083140877598152 0.022322880371660858
2 0.4613933795227098 0.3600696864111498 0.018991531947652043 0.012276422764227643
2 0.4670515781370285 0.3444947735191638 0.013287143956889916 0.010638792102206737
2 0.4672440338722094 0.32894308943089434 0.012655889145496537 0.010592334494773517
2 0.4915550423402617 0.32926829268292684 0.013648960739030023 0.010987224157955866
2 0.5168437259430331 0.3267828106852497 0.015150115473441108 0.005238095238095238
2 0.45206312548113936 0.3239140534262485 0.009584295612009238 0.005981416957026714
2 0.4453040800615859 0.33885017421602787 0.012217090069284064 0.008699186991869919
2 0.4110007698229407 0.3691289198606272 0.012755966127790608 0.007990708478513357
2 0.402247882986913 0.35524970963995356 0.013479599692070824 0.007688734030197445
2 0.3995919938414165 0.3484552845528455 0.01506543494996151 0.006097560975609756
2 0.5479137798306389 0.4032984901277584 0.029353348729792148 0.01650406504065041
2 0.6052809853733642 0.5085946573751452 0.0376905311778291 0.036596980255516845
2 0.6094919168591224 0.4417770034843206 0.03319476520400308 0.017584204413472707
2 0.5812779060816012 0.4244715447154472 0.01882217090069284 0.013182346109175376
2 0.422963818321786 0.47847851335656216 0.05157043879907621 0.03435540069686411
2 0.32946882217090073 0.38232288037166084 0.022317167051578136 0.015052264808362371