2 0.08648960739030023 0.6566735324407827 0.17297921478060047 0.24056642636457262
2 0.27956889915319477 0.4623583934088568 0.09979984603541185 0.11456230690010298
2 0.4110546574287914 0.40057672502574665 0.1395381062355658 0.2072605561277034
2 0.035180908391070055 0.3718434603501545 0.0421401077752117 0.12405767250257466
2 0.12336412625096228 0.28734294541709576 0.24545034642032332 0.07348094747682801
2 0.15384141647421093 0.36541709577754894 0.1485835257890685 0.08544799176107105
2 0.6131100846805234 0.3199485066941298 0.11254041570438798 0.05630278063851699
2 0.7728252501924557 0.29764160659114314 0.1086451116243264 0.03229660144181257
2 0.8574903772132411 0.36670442842430484 0.13941493456505002 0.07257466529351184
2 0.9612548113933795 0.2924922760041195 0.0774980754426482 0.052883625128733264
2 0.9766512702078523 0.3714212152420185 0.04670515781370285 0.07686920700308959