2 0.7783153013910356 0.7097029702970298 0.2881143740340031 0.2789356435643564
2 0.5616846986089645 0.8579950495049505 0.15366306027820711 0.284009900990099
2 0.2179907264296754 0.6336633663366337 0.12227202472952087 0.07185643564356436
2 0.5991808346213292 0.4334158415841584 0.16338485316846985 0.08388613861386139
2 0.44177743431221017 0.40591584158415844 0.08902627511591964 0.039925742574257427
2 0.46324574961360127 0.45861386138613863 0.05295208655332303 0.04081683168316831
2 0.4649613601236476 0.5168069306930693 0.06326120556414219 0.052698019801980196
2 0.3278825347758887 0.45311881188118813 0.07417310664605874 0.07381188118811881
2 0.40630602782071096 0.45814356435643566 0.059258114374034006 0.05638613861386139
2 0.03826893353941268 0.6176237623762376 0.07653786707882536 0.1002970297029703
2 0.03655332302936631 0.7363118811881189 0.07310664605873261 0.09012376237623762
2 0.0542967542503864 0.8449009900990099 0.1040030911901082 0.05982673267326733
2 0.1618856259659969 0.5149752475247525 0.17494590417310665 0.10400990099009902
2 0.09950540958268933 0.4325 0.09826893353941267 0.06007425742574257
2 0.027975270479134468 0.38116336633663367 0.055935085007727973 0.08943069306930694
2 0.1453013910355487 0.3568811881188119 0.1486244204018547 0.04636138613861386
2 0.27179289026275116 0.35596534653465345 0.06502318392581144 0.055544554455445545
2 0.22228748068006182 0.41829207920792083 0.07935085007727975 0.04816831683168317
2 0.32646058732612054 0.30326732673267326 0.08160741885625966 0.07663366336633663
2 0.37139103554868624 0.37245049504950495 0.04438948995363215 0.05551980198019802
2 0.513323029366306 0.3449752475247525 0.13593508500772797 0.055544554455445545
2 0.5614064914992273 0.2886138613861386 0.12905718701700156 0.04732673267326733
2 0.5677125193199382 0.24554455445544554 0.052349304482225655 0.01618811881188119
2 0.25862442040185474 0.18962871287128713 0.052442040185471404 0.036386138613861384
2 0.8944204018547142 0.9322524752475247 0.21117465224111281 0.1354950495049505
2 0.2563369397217929 0.2533168316831683 0.06846986089644513 0.03725247524752475
2 0.3514064914992272 0.22123762376237624 0.09017001545595055 0.06844059405940593