2 0.35227430555555556 0.46585937499999996 0.13116319444444444 0.1305859375
2 0.3218923611111111 0.6234114583333333 0.08774305555555556 0.061575520833333335
2 0.2956076388888889 0.7212760416666667 0.11329861111111111 0.06850260416666666
2 0.44788194444444446 0.8030598958333334 0.2722569444444444 0.15391927083333332
2 0.6552777777777777 0.6993880208333333 0.1078125 0.08332031250000001
2 0.7060416666666667 0.5881380208333333 0.15291666666666667 0.08868489583333333
2 0.8597743055555556 0.6524479166666667 0.06541666666666666 0.064296875
2 0.9465798611111111 0.5273567708333333 0.10015625 0.0712890625
2 0.7640451388888888 0.3992838541666666 0.16039930555555557 0.07555989583333333
2 0.8943576388888889 0.44658854166666667 0.10411458333333333 0.05622395833333333
2 0.5305902777777778 0.41682291666666665 0.0634201388888889 0.026002604166666665
2 0.6081249999999999 0.8993619791666667 0.095 0.056835937499999996
2 0.08692708333333334 0.230703125 0.17385416666666667 0.10296875