2 0.4343625 0.4974666666666667 0.3318125 0.34573333333333334
2 0.16149999999999998 0.8320666666666667 0.268225 0.23875
2 0.8468000000000001 0.5367333333333334 0.1852625 0.13378333333333334
2 0.8349 0.6415166666666667 0.190025 0.07668333333333333
2 0.794125 0.7959499999999999 0.21206250000000001 0.19983333333333334
2 0.6825375 0.3970166666666667 0.228175 0.19721666666666665
2 0.634625 0.2307 0.2644875 0.17409999999999998
2 0.39122500000000004 0.17233333333333334 0.141975 0.09071666666666667
2 0.250475 0.12708333333333333 0.10691250000000001 0.06686666666666666
2 0.299875 0.07548333333333333 0.08428750000000002 0.05890000000000001
2 0.43735 0.0997 0.13065 0.06448333333333332
2 0.5584625 0.07548333333333333 0.1193 0.039850000000000003
2 0.6649875000000001 0.09851666666666667 0.11807499999999999 0.08591666666666666