2 0.132296875 0.6411458333333333 0.23332812500000003 0.14339583333333333
2 0.46926562499999996 0.713375 0.136453125 0.07952083333333333
2 0.39270312500000004 0.41475 0.158328125 0.08785416666666666
2 0.638015625 0.5598958333333334 0.26770312500000004 0.078125
2 0.872921875 0.669625 0.179171875 0.08089583333333333
2 0.896359375 0.4501666666666667 0.098953125 0.05035416666666667
2 0.522390625 0.36822916666666666 0.094796875 0.042020833333333334
2 0.069265625 0.4217083333333333 0.090625 0.09339583333333333
2 0.166140625 0.3223958333333333 0.090625 0.04479166666666667
2 0.25625 0.34254166666666663 0.058328124999999995 0.018395833333333333
2 0.43385937500000005 0.3467083333333333 0.057296875000000004 0.023958333333333335
2 0.3609375 0.36614583333333334 0.111453125 0.023958333333333335