2 0.4626516572858036 0.7748327566320645 0.1362726704190119 0.19249134948096885
2 0.46889931207004376 0.4236332179930796 0.19879924953095685 0.1417762399077278
2 0.6945340838023765 0.6379123414071511 0.06220137585991244 0.12050749711649367
2 0.9302188868042527 0.47021914648212226 0.13956848030018762 0.25224913494809686
2 0.05778611632270169 0.5725720876585929 0.11452782989368356 0.15129181084198384
2 0.14167604752970606 0.4005767012687428 0.11971232020012507 0.10719723183391003
2 0.19248280175109442 0.28768166089965397 0.06810506566604128 0.10630911188004614
2 0.2508505315822389 0.3088235294117647 0.04098811757348343 0.07938869665513264
2 0.6406066291432144 0.025363321799307958 0.06378361475922452 0.050726643598615916
2 0.7044340212632896 0.029688581314878892 0.04447779862414009 0.05745098039215687
2 0.7633083176985616 0.11807381776239909 0.14971232020012507 0.11889273356401384
2 0.30737961225766103 0.0748558246828143 0.05712320200125078 0.032445213379469436
2 0.40638524077548466 0.057070357554786615 0.08626641651031895 0.07184544405997693
2 0.4001250781738586 0.15171856978085352 0.13004377736085054 0.09388696655132642
2 0.16668542839274544 0.08445213379469435 0.1259537210756723 0.086239907727797
2 0.17346466541588493 0.19304498269896195 0.10823639774859287 0.03813148788927336
2 0.26856160100062537 0.15507497116493654 0.08892432770481551 0.07178777393310265
2 0.2552720450281426 0.024405997693194924 0.07798624140087555 0.04881199538638985