2 0.643174574110243 0.7885593236502955 0.5465000162452047 0.7613049907560216 0.42461551091846944 0.7867361020553549 0.3624035987299444 0.8579432913030806 0.39668358255570474 0.9511906994006358 0.5020629499484178 0.9596677365004137 0.6493400645876025 0.9427136623008583 0.6874289785562768 0.8901559288027795
2 0.251111082046751 0.7716101711079225 0.23036201093218273 0.7341784979065972 0.1376790450608117 0.7223107623812971 0.0741975217796876 0.7748683018553946 0.0957812009492228 0.8223396320045574 0.20877833176264735 0.820644250454466
2 0.2876190185546875 0.6084745778875836 0.16941980670137383 0.6171953600598 0.1656108765584595 0.6460174284832975 0.22909239983958365 0.6544944655830751 0.3090791579198471 0.6680575826584666 0.3217754625760719 0.6358448804841074
2 0.8273015582372272 0.6000000016163971 0.7471015716944868 0.6019367320849963 0.7623372922661442 0.6460174284832975 0.8435935645738893 0.6375403913835197 0.8537506470449162 0.6205863171839642
2 0.36380949474516366 0.5067796626333463 0.2443279266810065 0.4968214591128201 0.2506760790091189 0.5459882354867348 0.3636732098225435 0.5459882354867348
2 0.5082539391896082 0.47923728975199037 0.43223327433918113 0.46799952003864376 0.41699774749775814 0.5036030499878461 0.44492957899540586 0.5290341612871793 0.5046021721336156 0.5256433981869966
2 0.16063489157056052 0.8923728829723293 0.060231509165746294 0.8664203284028584 0.0043678461704509735 0.8816788917030016 0 0.9647538811506878 0.001828527120135602 1 0.07165820272937218 1 0.1732286399791709 0.9935758848995246
2 0.9502424461940842 0.7273968423569107 0.9045358656698155 0.7002703495074862 0.8029654284200167 0.7172244237070416 0.7686854445942567 0.730787799481075 0.8131225108910436 0.7663912647556168 0.8715253960715369 0.7731729203053033 0.9362766273103775 0.7494371905560613
2 0.9193650503007192 0.4877118660231768 0.895648491156505 0.4866489757882905 0.9083447958127298 0.5409020261618002 0.9451640018236881 0.5748101745609113 0.9730958333213358 0.5849826578854408 0.9972189284063037 0.5595515465861075 0.9705566111361377 0.5222525704121534
2 0.5114285423642113 0.4199152558536853 0.4296940521539831 0.40696487879010806 0.3116183801050451 0.39679239546557854 0.28241684064968114 0.43917758096446724 0.3065398388695317 0.4561316551640227 0.3941443603705065 0.45443627361393135 0.48555771514927853 0.44935006428899676
2 0.4653967963324653 0.30974576432826156 0.4258851220110687 0.3103266429177096 0.4411206488524916 0.33236692644219973 0.4957147976203052 0.33406230799229103 0.5414214750096912 0.3374531357671342 0.5312644894037817 0.3137174706925528
2 0.5273015582372271 0.2567796626333463 0.47920956282116606 0.2577689740942912 0.4627044248871442 0.26794145741882086 0.46778296612265763 0.2865909131684677 0.4982540198055033 0.2916771224934023 0.5185681847475568 0.2882863593932195