0 0.5187583148558759 0.4965333333333334 0.42776053215077603 0.30693333333333334
1 0.17691796008869182 0.6583333333333333 0.15982261640798226 0.10833333333333334
1 0.8501552106430156 0.39930000000000004 0.29968957871396895 0.07916666666666666
1 0.8093126385809313 0.7284666666666666 0.13674057649667407 0.0875
1 0.09239467849223947 0.3611 0.16813747228381373 0.11666666666666667
1 0.8296452328159646 0.8395666666666667 0.1164079822616408 0.0486
1 0.9234146341463414 0.9458333333333333 0.14689578713968957 0.10833333333333334
1 0.8576274944567628 0.5723 0.2045232815964523 0.22163333333333332
1 0.5229711751662971 0.18843333333333334 0.04840354767184035 0.36133333333333334
1 0.7239689578713969 0.2482666666666667 0.26490022172949 0.17356666666666667
1 0.1817960088691796 0.6372666666666666 0.1838359201773836 0.23676666666666668