0 0.47512 0.24825842696629213 0.12215999999999999 0.3507303370786517
0 0.3762 0.6840449438202247 0.1038 0.21713483146067414
0 0.31136 0.7485393258426967 0.12756 0.19432584269662923
0 0.19512000000000002 0.745505617977528 0.18056 0.15792134831460675
0 0.0762 0.614943820224719 0.09187999999999999 0.19129213483146065
0 0.06595999999999999 0.7607303370786517 0.10596 0.08196629213483146
0 0.41244 0.9163483146067416 0.14596 0.15337078651685393
0 0.56272 0.7857303370786518 0.12432 0.14123595505617978
0 0.53404 0.8920224719101124 0.09079999999999999 0.07438202247191011
0 0.79028 0.7530898876404495 0.13188 0.2004494382022472
0 0.91784 0.9315168539325843 0.1492 0.1351123595505618
0 0.46864 0.5602808988764045 0.08972 0.08808988764044944
0 0.55188 0.4874157303370787 0.12215999999999999 0.09719101123595505
0 0.53784 0.43044943820224724 0.09187999999999999 0.08960674157303371
0 0.62324 0.6194943820224719 0.20432 0.17612359550561799
0 0.69244 0.20803370786516853 0.07028 0.22168539325842698
0 0.73676 0.4373033707865169 0.11136 0.21258426966292138