2 0.9202508960573477 0.9046961325966851 0.15946236559139787 0.19027624309392263
2 0.8356272401433691 0.6239779005524861 0.19885304659498207 0.18281767955801106
2 0.4137992831541219 0.6175690607734806 0.14612903225806453 0.12204419889502763
2 0.43387096774193545 0.48353591160220993 0.13845878136200718 0.10441988950276242
2 0.21870967741935485 0.5032044198895027 0.09286738351254481 0.08856353591160222
2 0.320752688172043 0.40082872928176794 0.1392114695340502 0.09005524861878453
2 0.5785304659498208 0.39828729281767955 0.06698924731182797 0.06281767955801104
2 0.7768458781362008 0.38883977900552485 0.16731182795698923 0.27607734806629836
2 0.6504659498207885 0.2588950276243094 0.11046594982078853 0.0676243093922652
2 0.4703225806451613 0.33585635359116023 0.09426523297491039 0.09044198895027625
2 0.38942652329749106 0.22591160220994475 0.09738351254480287 0.07171270718232045
2 0.49551971326164873 0.17414364640883978 0.0992831541218638 0.060276243093922655
2 0.6099641577060932 0.18596685082872927 0.08444444444444443 0.05441988950276243
2 0.5282437275985663 0.2343646408839779 0.09304659498207886 0.06651933701657459
2 0.5324372759856631 0.14099447513812155 0.09426523297491039 0.05292817679558011