2 0.3612732919254658 0.23891025641025643 0.0777639751552795 0.07897435897435898
2 0.39698757763975157 0.32961538461538464 0.08170807453416148 0.09173076923076924
2 0.39618012422360244 0.4268589743589744 0.07366459627329192 0.0667948717948718
2 0.8769254658385093 0.5525 0.11357142857142857 0.09282051282051282
2 0.7692546583850931 0.5898717948717949 0.08118012422360249 0.07051282051282051
2 0.8893167701863355 0.7899999999999999 0.09472049689440994 0.08621794871794872
2 0.4973913043478261 0.6039102564102564 0.09149068322981367 0.06397435897435898
2 0.4143167701863354 0.5185897435897436 0.04618012422360248 0.05275641025641026
2 0.18555900621118013 0.4021153846153846 0.058819875776397516 0.07621794871794872
2 0.3548136645962733 0.16641025641025642 0.04298136645962733 0.0348076923076923
2 0.5626086956521739 0.12403846153846154 0.055683229813664595 0.046794871794871795
2 0.6528881987577639 0.06205128205128205 0.04822981366459627 0.0475
2 0.6025155279503105 0.09525641025641025 0.02562111801242236 0.027307692307692307
2 0.4204037267080745 0.09737179487179487 0.10614906832298136 0.038461538461538464
2 0.49478260869565216 0.779423076923077 0.05102484472049689 0.08583333333333333