2 0.683531746031746 0.20963541666666666 0.6329365079365079 0.31014632936507935
2 0.4411309523809524 0.47853918650793653 0.3730059523809524 0.17831101190476192
1 0.576058201058201 0.025228174603174603 0.8478835978835979 0.04549603174603174
1 0.1744047619047619 0.12569444444444444 0.3488095238095238 0.1819419642857143
2 0.23516203703703703 0.6801934523809524 0.21236441798941802 0.12526785714285713
1 0.14693783068783067 0.8009499007936508 0.12845238095238096 0.09276289682539682
1 0.5720072751322751 0.798891369047619 0.23131283068783068 0.1223015873015873
1 0.8852513227513228 0.917906746031746 0.2294973544973545 0.16418650793650794
1 0.941468253968254 0.8027182539682539 0.11706349206349206 0.05285962301587301
1 0.20543981481481483 0.8653050595238095 0.41087962962962965 0.1631473214285714
1 0.5358035714285714 0.9309499007936508 0.15891203703703705 0.12579117063492062
1 0.7564748677248677 0.7836036706349205 0.2894047619047619 0.09895337301587302