2 0.3508045977011494 0.33769679300291544 0.2817733990147783 0.16641399416909622
2 0.12201970443349754 0.5134693877551021 0.24403940886699507 0.22107871720116617
2 0.36320197044334973 0.5734110787172012 0.18096880131362889 0.17323615160349853
2 0.4851724137931035 0.9220408163265306 0.150935960591133 0.15591836734693876
2 0.6376683087027915 0.6866472303206997 0.10382594417077175 0.12250728862973762
2 0.8690476190476191 0.16801749271137026 0.261888341543514 0.07935860058309037
2 0.4623973727422004 0.09411078717201167 0.09711001642036125 0.07448979591836735
2 0.15144499178981938 0.24128279883381926 0.06402298850574713 0.048104956268221574
2 0.32688013136288996 0.21769679300291545 0.1025615763546798 0.046297376093294464
2 0.4585550082101806 0.22740524781341107 0.033842364532019706 0.07868804664723032
2 0.3942364532019704 0.04055393586005831 0.11868637110016421 0.05483965014577259
2 0.06898193760262726 0.03594752186588921 0.06292282430213465 0.04830903790087464
2 0.6207060755336617 0.4812536443148688 0.24320197044334976 0.21061224489795916
2 0.6111658456486042 0.16134110787172012 0.0708702791461412 0.06965014577259475
2 0.7264696223316913 0.08924198250728863 0.12087027914614121 0.06405247813411079
2 0.5938259441707717 0.01871720116618076 0.09881773399014779 0.03743440233236152