1 0.6820436507936508 0.8329613095238095 0.1703042328042328 0.33407738095238093
1 0.17609126984126985 0.035962301587301584 0.3488756613756614 0.07192460317460317
1 0.8373015873015873 0.4799107142857143 0.3253968253968254 0.06448412698412699
1 0.44560185185185186 0.078125 0.19014550264550265 0.0744047619047619
1 0.5505952380952381 0.2021329365079365 0.08928571428571429 0.16865079365079366
1 0.6349206349206349 0.3714037698412698 0.08597883597883597 0.15749007936507936
1 0.45634920634920634 0.2690972222222222 0.07605820105820106 0.14384920634920634
1 0.9298941798941799 0.675843253968254 0.1402116402116402 0.03720238095238095
1 0.20419973544973544 0.7806299603174603 0.26951058201058203 0.08060515873015874
1 0.6828703703703703 0.5908978174603174 0.05952380952380952 0.16741071428571427
1 0.4166666666666667 0.5543154761904762 0.11243386243386243 0.10664682539682539
1 0.52744708994709 0.6398809523809523 0.13558201058201058 0.05704365079365079
1 0.3844246031746032 0.16183035714285715 0.06779100529100529 0.09052579365079365
1 0.34308862433862436 0.09362599206349206 0.05125661375661376 0.05084325396825397