2 0.2526713008937438 0.33721027064538517 0.31114200595829195 0.07723108952116586
2 0.7856405163853029 0.4202290076335878 0.4287189672293943 0.11487855655794586
2 0.6852035749751738 0.6109229701596114 0.2537735849056604 0.1007147814018043
2 0.30989076464746773 0.5111242192921582 0.1255511420059583 0.03296321998612075
2 0.6119860973187686 0.21371269951422622 0.17078450844091358 0.05576682859125607
2 0.5228599801390268 0.13165163081193615 0.17627606752730882 0.04242192921582235
2 0.07710029791459781 0.15334489937543372 0.15420059582919562 0.030263705759888966
2 0.922462760675273 0.088764746703678 0.1550744786494538 0.055697432338653714
2 0.29775571002979145 0.0670645385149202 0.11010923535253227 0.011991672449687718
2 0.2492154915590864 0.09271339347675225 0.14147964250248263 0.0292852185981957
2 0.2544488579940417 0.022421929215822346 0.10734856007944389 0.021464260929909783
2 0.17888778550148957 0.8137959750173491 0.35777557100297913 0.28438584316446913
2 0.7057596822244291 0.7833795975017348 0.19334657398212513 0.05904233171408744