2 0.5905280528052805 0.8446987951807229 0.21557755775577556 0.1919879518072289
2 0.44570957095709574 0.5978915662650602 0.24432343234323434 0.08090361445783133
2 0.4059075907590759 0.6859036144578313 0.17306930693069306 0.06180722891566265
2 0.27914191419141915 0.4783734939759036 0.1311221122112211 0.09421686746987952
2 0.4917821782178218 0.5223493975903614 0.22759075907590756 0.0789156626506024
2 0.7324752475247525 0.6873493975903614 0.3025742574257426 0.09337349397590361
2 0.7840594059405941 0.5878313253012049 0.17112211221122112 0.07801204819277108
2 0.6321452145214521 0.6036746987951807 0.09772277227722773 0.06939759036144579
2 0.5394389438943894 0.38602409638554214 0.10082508250825083 0.08746987951807228
2 0.7468646864686469 0.42192771084337355 0.1134983498349835 0.07313253012048193
2 0.6853135313531353 0.3291566265060241 0.12026402640264025 0.05198795180722892
2 0.8544884488448846 0.45156626506024095 0.07108910891089108 0.08650602409638554
2 0.3865016501650165 0.30475903614457833 0.10498349834983497 0.07403614457831324
2 0.33884488448844885 0.3869879518072289 0.08716171617161717 0.07789156626506023
2 0.10158415841584159 0.4051807228915663 0.05250825082508251 0.09126506024096386
2 0.5818811881188118 0.25837349397590365 0.08514851485148515 0.09024096385542169
2 0.2629042904290429 0.24210843373493973 0.08818481848184818 0.1036144578313253
2 0.42630363036303626 0.18325301204819278 0.05052805280528053 0.08349397590361446
2 0.07198019801980197 0.6122891566265061 0.11481848184818481 0.10957831325301205