2 0.40426229508196726 0.5411272727272728 0.23098360655737707 0.14810909090909088
2 0.44311475409836065 0.7835636363636364 0.20185792349726775 0.14276363636363634
2 0.5754644808743169 0.6950545454545454 0.1557377049180328 0.11774545454545456
2 0.15967213114754097 0.8220000000000001 0.31934426229508195 0.2653818181818182
2 0.4689071038251366 0.3538181818181818 0.15633879781420765 0.06894545454545455
2 0.23256830601092898 0.3724363636363636 0.46508196721311473 0.4531636363636364
2 0.38131147540983606 0.0678909090909091 0.7626229508196721 0.13574545454545453
2 0.9602185792349727 0.4889818181818182 0.07956284153005465 0.13272727272727272
2 0.9359562841530055 0.6522545454545454 0.1280874316939891 0.16836363636363635
2 0.5912021857923497 0.5249454545454546 0.14295081967213114 0.08345454545454545
2 0.7150819672131148 0.5506181818181818 0.07491803278688525 0.057999999999999996
2 0.83224043715847 0.39585454545454546 0.1514207650273224 0.09592727272727272
2 0.7047540983606557 0.34694545454545456 0.09071038251366122 0.03854545454545454
2 0.6649726775956284 0.3897818181818182 0.10229508196721311 0.09189090909090909
2 0.8622950819672132 0.22472727272727272 0.12043715846994535 0.08901818181818182
2 0.6883606557377049 0.23218181818181818 0.14846994535519126 0.09992727272727273
2 0.8868852459016394 0.1446909090909091 0.13928961748633878 0.07443636363636363
2 0.8959562841530055 0.05258181818181819 0.1696174863387978 0.051781818181818186
2 0.7493989071038251 0.8765454545454546 0.299672131147541 0.23712727272727271