1 0.41513793103448277 0.7878061224489796 0.12448275862068967 0.3902551020408163
1 0.6226206896551725 0.34994897959183674 0.19924137931034483 0.06010204081632653
1 0.8638620689655173 0.34928571428571425 0.2716551724137931 0.0823469387755102
1 0.864 0.4607142857142857 0.26555172413793104 0.11704081632653061
1 0.17113793103448277 0.7890816326530612 0.22465517241379312 0.3833163265306122
1 0.7363448275862069 0.15035714285714286 0.057931034482758624 0.28653061224489795
1 0.9086896551724137 0.13622448979591836 0.1705862068965517 0.2583673469387755
1 0.545896551724138 0.09224489795918367 0.14117241379310344 0.03392857142857143
1 0.527 0.1553061224489796 0.19882758620689653 0.05658163265306122
1 0.4872758620689655 0.23260204081632654 0.21155172413793105 0.09357142857142857
1 0.33548275862068966 0.4538775510204081 0.35303448275862065 0.2304081632653061
1 0.6093448275862069 0.5711734693877552 0.16951724137931035 0.08862244897959184