2 0.5026119402985074 0.748014705882353 0.4438059701492537 0.27441176470588236
2 0.4832089552238806 0.3161764705882353 0.3787313432835821 0.1685294117647059
2 0.671865671641791 0.1966176470588235 0.2726119402985075 0.08919117647058825
2 0.4745522388059702 0.15044117647058824 0.2576119402985075 0.07352941176470588
2 0.6947014925373135 0.09838235294117648 0.19507462686567165 0.052573529411764706
2 0.49723880597014924 0.09544117647058824 0.13432835820895522 0.04985294117647059
2 0.3226865671641791 0.0975735294117647 0.12582089552238807 0.054117647058823534
2 0.17044776119402985 0.1663970588235294 0.16201492537313433 0.06713235294117648
2 0.163955223880597 0.2261764705882353 0.175 0.055661764705882355
2 0.10067164179104478 0.12095588235294118 0.14574626865671642 0.04441176470588235
2 0.5634328358208955 0.05941176470588235 0.1692537313432836 0.04808823529411765
2 0.492910447761194 0.022794117647058826 0.15738805970149253 0.04448529411764706