2 0.2686545454545454 0.7163934426229508 0.3114909090909091 0.20765027322404372
2 0.04563636363636364 0.3602185792349727 0.09127272727272728 0.15103825136612023
2 0.4926545454545454 0.4584153005464481 0.28101818181818183 0.2323497267759563
2 0.4743272727272727 0.8698907103825136 0.16396363636363637 0.18672131147540985
2 0.6910181818181819 0.34387978142076503 0.24138181818181817 0.11825136612021858
2 0.8312727272727273 0.4639890710382513 0.18887272727272728 0.09972677595628415
2 0.7761818181818182 0.6991256830601092 0.17058181818181817 0.22486338797814207
2 0.11774545454545456 0.063224043715847 0.07858181818181818 0.04595628415300546
2 0.6877454545454545 0.24874316939890712 0.1352727272727273 0.06032786885245901
2 0.36061818181818184 0.10819672131147541 0.07050909090909091 0.0553551912568306
2 0.46087272727272727 0.15508196721311474 0.13705454545454546 0.0973224043715847
2 0.6096727272727273 0.17371584699453552 0.1399272727272727 0.07136612021857924
2 0.7826909090909091 0.14710382513661202 0.1682909090909091 0.09863387978142077
2 0.6086181818181818 0.12081967213114754 0.11865454545454546 0.03551912568306011
2 0.5019636363636364 0.07923497267759563 0.10058181818181819 0.043387978142076504
2 0.6316363636363636 0.06398907103825137 0.17218181818181819 0.06469945355191256
2 0.4161818181818182 0.04060109289617486 0.1472 0.08114754098360656