1 0.1729022988505747 0.5534418604651162 0.1985344827586207 0.8859069767441861
1 0.08913793103448275 0.04497674418604651 0.052586206896551725 0.08995348837209302
1 0.6391954022988505 0.863906976744186 0.7216379310344827 0.158
1 0.3729597701149425 0.602 0.7387068965517242 0.18674418604651163
1 0.34307471264367817 0.3572093023255814 0.47066091954022987 0.0875813953488372
1 0.18724137931034482 0.08604651162790698 0.051637931034482755 0.172046511627907
1 0.05112068965517241 0.2487906976744186 0.09508620689655173 0.06153488372093024
1 0.3688505747126437 0.15446511627906978 0.7305172413793103 0.10493023255813953
1 0.29336206896551725 0.2636279069767442 0.38201149425287356 0.07376744186046512
1 0.7220689655172414 0.36172093023255814 0.3891091954022988 0.12195348837209302
1 0.7357471264367816 0.6229302325581396 0.5260632183908046 0.7541395348837209
1 0.565977011494253 0.24004651162790697 0.2447126436781609 0.09051162790697675
1 0.7316954022988506 0.20520930232558138 0.5366379310344828 0.4104651162790698
1 0.6655172413793103 0.033813953488372094 0.15643678160919539 0.06181395348837209
1 0.8466379310344827 0.11041860465116278 0.3067528735632184 0.22083720930232556