2 0.19513248847926268 0.5979671280276817 0.1972926267281106 0.11461937716262975
2 0.09597926267281107 0.005205449826989619 0.024086981566820275 0.006029411764705882
2 0.1087528801843318 0.017400519031141867 0.036494815668202764 0.009591262975778546
2 0.19159562211981568 0.0708347750865052 0.06423099078341013 0.02329152249134948
1 0.8622148617511521 0.8512781141868512 0.25436347926267283 0.28995242214532874
1 0.4257027649769585 0.14605103806228376 0.16004032258064516 0.017182093425605536
1 0.6680875576036867 0.2349848615916955 0.17613767281105988 0.02887543252595156
0 0.6268173963133641 0.49593209342560557 0.36327764976958526 0.18496323529411765
0 0.431889400921659 0.3327876297577855 0.24983870967741936 0.1657720588235294
2 0.6925547235023042 0.3482288062283737 0.15092165898617513 0.08360510380622836
2 0.8431048387096775 0.43528762975778545 0.1643778801843318 0.08223183391003461
2 0.9327073732718895 0.526814446366782 0.1345852534562212 0.09485942906574395